[Outliner]
x=0.000000
y=0.045390
w=0.187375
h=0.909506
visible=1
[Profiler]
x=-0.000000
y=0.954611
w=0.187375
h=0.436773
visible=1
[Properties]
x=0.775476
y=0.045390
w=0.224524
h=0.953102
visible=1
