[Outliner]
x=-0.000000
y=0.052117
w=0.226191
h=0.946231
visible=1
[Profiler]
x=0.779139
y=0.052117
w=0.220861
h=0.177816
visible=1
[Properties]
x=0.779139
y=0.233061
w=0.220861
h=0.766939
visible=1
