[myWindow]
x=0.166667
y=0.194444
w=0.666667
h=0.666667
visible=1
[Outliner]
x=0.000000
y=0.106026
w=0.295716
h=0.893974
visible=1
[Properties]
x=0.723415
y=0.052117
w=0.276585
h=0.946236
visible=1
