[myWindow]
x=0.166667
y=0.194444
w=0.666667
h=0.666667
visible=1
[Outliner]
x=-0.000000
y=0.107495
w=0.249929
h=0.333728
visible=1
[Properties]
x=0.749973
y=0.052117
w=0.250028
h=0.333860
visible=1
