[Outliner]
x=0.000000
y=0.045390
w=0.250208
h=0.953120
visible=1
[Properties]
x=0.780381
y=0.045390
w=0.219619
h=0.953154
visible=1
